
ict,farman,ali,9,,1
s,ahmed,a,6,,2
hysics,bilal,q,16,,3
bangedara,iqbal,eee,0,,1
,,,-858993460,,2
,,,-858993460,,3
,,,-858993460,,4
,,,-858993460,,5
,,,-858993460,,6
,,,-858993460,,7
,,,-858993460,,8
,,,-858993460,,9
,,,-858993460,,10
,,,-858993460,,11
,,,-858993460,,12
,,,-858993460,,13
,,,-858993460,,14
,,,-858993460,,15
,,,-858993460,,16
,,,-858993460,,17
,,,-858993460,,18
,,,-858993460,,19
,,,-858993460,,20
,,,-858993460,,21
,,,-858993460,,22
,,,-858993460,,23
,,,-858993460,,24
,,,-858993460,,25
,,,-858993460,,26
,,,-858993460,,27
,,,-858993460,,28
,,,-858993460,,29
,,,-858993460,,30
,,,-858993460,,31
,,,-858993460,,32
,,,-858993460,,33
,,,-858993460,,34
,,,-858993460,,35
,,,-858993460,,36
,,,-858993460,,37
,,,-858993460,,38
,,,-858993460,,39
,,,-858993460,,40
,,,-858993460,,41
,,,-858993460,,42
,,,-858993460,,43
,,,-858993460,,44
,,,-858993460,,45
,,,-858993460,,46
,,,-858993460,,47
,,,-858993460,,48
,,,-858993460,,49
,,,-858993460,,50
,,,-858993460,,51
,,,-858993460,,52
,,,-858993460,,53
,,,-858993460,,54
,,,-858993460,,55
,,,-858993460,,56
,,,-858993460,,57
,,,-858993460,,58
,,,-858993460,,59
,,,-858993460,,60
,,,-858993460,,61
,,,-858993460,,62
,,,-858993460,,63
,,,-858993460,,64
,,,-858993460,,65
,,,-858993460,,66
,,,-858993460,,67
,,,-858993460,,68
,,,-858993460,,69
,,,-858993460,,70
,,,-858993460,,71
,,,-858993460,,72
,,,-858993460,,73
,,,-858993460,,74
,,,-858993460,,75
,,,-858993460,,76
,,,-858993460,,77
,,,-858993460,,78
,,,-858993460,,79
,,,-858993460,,80
,,,-858993460,,81
,,,-858993460,,82
,,,-858993460,,83
,,,-858993460,,84
,,,-858993460,,85
,,,-858993460,,86
,,,-858993460,,87
,,,-858993460,,88
,,,-858993460,,89
,,,-858993460,,90
,,,-858993460,,91
,,,-858993460,,92
,,,-858993460,,93
,,,-858993460,,94
,,,-858993460,,95
,,,-858993460,,96
,,,-858993460,,97
,,,-858993460,,98
,,,-858993460,,99
,,,-858993460,,100
,,,-858993460,,101
,,,-858993460,,102
,,,-858993460,,103
,,,-858993460,,104
,,,-858993460,,105
,,,-858993460,,106
,,,-858993460,,107
,,,-858993460,,108
,,,-858993460,,109
,,,-858993460,,110
,,,-858993460,,111
,,,-858993460,,112
,,,-858993460,,113
,,,-858993460,,114
,,,-858993460,,115
,,,-858993460,,116
,,,-858993460,,117
,,,-858993460,,118
,,,-858993460,,119
,,,-858993460,,120
,,,-858993460,,121
,,,-858993460,,122
,,,-858993460,,123
,,,-858993460,,124
,,,-858993460,,125
,,,-858993460,,126
,,,-858993460,,127
,,,-858993460,,128
,,,-858993460,,129
,,,-858993460,,130
,,,-858993460,,131
,,,-858993460,,132
,,,-858993460,,133
,,,-858993460,,134
,,,-858993460,,135
,,,-858993460,,136
,,,-858993460,,137
,,,-858993460,,138
,,,-858993460,,139
,,,-858993460,,140
,,,-858993460,,141
,,,-858993460,,142
,,,-858993460,,143
,,,-858993460,,144
,,,-858993460,,145
,,,-858993460,,146
,,,-858993460,,147
,,,-858993460,,148
,,,-858993460,,149
,,,-858993460,,150
,,,-858993460,,151
,,,-858993460,,152
,,,-858993460,,153
,,,-858993460,,154
,,,-858993460,,155
,,,-858993460,,156
,,,-858993460,,157
,,,-858993460,,158
,,,-858993460,,159
,,,-858993460,,160
,,,-858993460,,161
,,,-858993460,,162
,,,-858993460,,163
,,,-858993460,,164
,,,-858993460,,165
,,,-858993460,,166
,,,-858993460,,167
,,,-858993460,,168
,,,-858993460,,169
,,,-858993460,,170
,,,-858993460,,171
,,,-858993460,,172
,,,-858993460,,173
,,,-858993460,,174
,,,-858993460,,175
,,,-858993460,,176
,,,-858993460,,177
,,,-858993460,,178
,,,-858993460,,179
,,,-858993460,,180
,,,-858993460,,181
,,,-858993460,,182
,,,-858993460,,183
,,,-858993460,,184
,,,-858993460,,185
,,,-858993460,,186
,,,-858993460,,187
,,,-858993460,,188
,,,-858993460,,189
,,,-858993460,,190
,,,-858993460,,191
,,,-858993460,,192
,,,-858993460,,193
,,,-858993460,,194
,,,-858993460,,195
,,,-858993460,,196
,,,-858993460,,197
,,,-858993460,,198
,,,-858993460,,199
,,,-858993460,,200
,,,-858993460,,201
,,,-858993460,,202
,,,-858993460,,203
,,,-858993460,,204
,,,-858993460,,205
,,,-858993460,,206
,,,-858993460,,207
,,,-858993460,,208
,,,-858993460,,209
,,,-858993460,,210
,,,-858993460,,211
,,,-858993460,,212
,,,-858993460,,213
,,,-858993460,,214
,,,-858993460,,215
,,,-858993460,,216
,,,-858993460,,217
,,,-858993460,,218
,,,-858993460,,219
,,,-858993460,,220
,,,-858993460,,221
,,,-858993460,,222
,,,-858993460,,223
,,,-858993460,,224
,,,-858993460,,225
,,,-858993460,,226
,,,-858993460,,227
,,,-858993460,,228
,,,-858993460,,229
,,,-858993460,,230
,,,-858993460,,231
,,,-858993460,,232
,,,-858993460,,233
,,,-858993460,,234
,,,-858993460,,235
,,,-858993460,,236
,,,-858993460,,237
,,,-858993460,,238
,,,-858993460,,239
,,,-858993460,,240
,,,-858993460,,241
,,,-858993460,,242
,,,-858993460,,243
,,,-858993460,,244
,,,-858993460,,245
,,,-858993460,,246
,,,-858993460,,247
,,,-858993460,,248
,,,-858993460,,249
,,,-858993460,,250
,,,-858993460,,251
,,,-858993460,,252
,,,-858993460,,253
,,,-858993460,,254
,,,-858993460,,255
,,,-858993460,,256
,,,-858993460,,257
,,,-858993460,,258
,,,-858993460,,259
,,,-858993460,,260
,,,-858993460,,261
,,,-858993460,,262
,,,-858993460,,263
,,,-858993460,,264
,,,-858993460,,265
,,,-858993460,,266
,,,-858993460,,267
,,,-858993460,,268
,,,-858993460,,269
,,,-858993460,,270
,,,-858993460,,271
,,,-858993460,,272
,,,-858993460,,273
,,,-858993460,,274
,,,-858993460,,275
,,,-858993460,,276
,,,-858993460,,277
,,,-858993460,,278
,,,-858993460,,279
,,,-858993460,,280
,,,-858993460,,281
,,,-858993460,,282
,,,-858993460,,283
,,,-858993460,,284
,,,-858993460,,285
,,,-858993460,,286
,,,-858993460,,287
,,,-858993460,,288
,,,-858993460,,289
,,,-858993460,,290
,,,-858993460,,291
,,,-858993460,,292
